,year_born,month_born,count
1437,1970.0,1.0,239
1461,1972.0,1.0,229
1629,1986.0,1.0,227
1497,1975.0,1.0,227
1617,1985.0,1.0,225
1619,1985.0,3.0,222
1569,1981.0,1.0,221
1475,1973.0,3.0,216
1581,1982.0,1.0,215
1413,1968.0,1.0,213
1525,1977.0,5.0,211
1401,1967.0,1.0,211
1523,1977.0,3.0,210
1365,1964.0,1.0,209
1476,1973.0,4.0,206
1545,1979.0,1.0,205
1667,1989.0,3.0,205
1677,1990.0,1.0,205
1669,1989.0,5.0,205
1679,1990.0,3.0,205
1462,1972.0,2.0,204
1657,1988.0,5.0,203
1595,1983.0,3.0,203
1465,1972.0,5.0,203
1654,1988.0,2.0,203
1391,1966.0,3.0,203
1377,1965.0,1.0,202
1470,1972.0,10.0,201
1440,1970.0,4.0,201
1594,1983.0,2.0,201
1583,1982.0,3.0,200
1533,1978.0,1.0,200
1487,1974.0,3.0,199
1665,1989.0,1.0,199
1605,1984.0,1.0,199
1449,1971.0,1.0,198
1653,1988.0,1.0,198
1593,1983.0,1.0,198
1656,1988.0,4.0,198
1485,1974.0,1.0,197
1436,1969.0,12.0,197
1484,1973.0,12.0,196
1463,1972.0,3.0,196
1425,1969.0,1.0,196
1645,1987.0,5.0,196
1582,1982.0,2.0,196
1636,1986.0,8.0,196
1689,1991.0,1.0,195
1621,1985.0,5.0,195
1670,1989.0,6.0,195
1415,1968.0,3.0,195
1571,1981.0,3.0,195
1510,1976.0,2.0,195
1452,1971.0,4.0,195
1453,1971.0,5.0,195
1389,1966.0,1.0,194
1626,1985.0,10.0,194
1380,1965.0,4.0,194
1451,1971.0,3.0,194
1647,1987.0,7.0,194
1573,1981.0,5.0,193
1511,1976.0,3.0,193
1428,1969.0,4.0,193
1641,1987.0,1.0,193
1660,1988.0,8.0,192
1678,1990.0,2.0,192
1713,1993.0,1.0,192
1684,1990.0,8.0,192
1457,1971.0,9.0,192
1414,1968.0,2.0,192
1450,1971.0,2.0,191
1509,1976.0,1.0,191
1572,1981.0,4.0,191
1560,1980.0,4.0,191
1622,1985.0,6.0,190
1477,1973.0,5.0,190
1409,1967.0,9.0,190
1659,1988.0,7.0,190
1696,1991.0,8.0,189
1562,1980.0,6.0,189
1473,1973.0,1.0,189
1427,1969.0,3.0,189
1353,1963.0,1.0,189
1456,1971.0,8.0,188
1438,1970.0,2.0,188
1557,1980.0,1.0,188
1367,1964.0,3.0,187
1429,1969.0,5.0,187
1501,1975.0,5.0,187
1480,1973.0,8.0,187
1468,1972.0,8.0,187
1421,1968.0,9.0,186
1596,1983.0,4.0,186
1441,1970.0,5.0,186
1515,1976.0,7.0,186
1607,1984.0,3.0,186
1672,1989.0,8.0,186
1671,1989.0,7.0,186
1513,1976.0,5.0,186
1547,1979.0,3.0,186
1624,1985.0,8.0,185
1445,1970.0,9.0,185
1559,1980.0,3.0,184
1585,1982.0,5.0,184
1422,1968.0,10.0,184
1405,1967.0,5.0,184
1439,1970.0,3.0,184
1454,1971.0,6.0,184
1474,1973.0,2.0,183
1649,1987.0,9.0,183
1668,1989.0,4.0,183
1443,1970.0,7.0,183
1549,1979.0,5.0,183
1575,1981.0,7.0,183
1685,1990.0,9.0,182
1633,1986.0,5.0,182
1632,1986.0,4.0,182
1644,1987.0,4.0,182
1650,1987.0,10.0,181
1481,1973.0,9.0,181
1488,1974.0,4.0,181
1576,1981.0,8.0,180
1553,1979.0,9.0,180
1469,1972.0,9.0,180
1464,1972.0,4.0,180
1341,1962.0,1.0,180
1701,1992.0,1.0,180
1691,1991.0,3.0,180
1435,1969.0,11.0,180
1561,1980.0,5.0,180
1385,1965.0,9.0,179
1416,1968.0,4.0,179
1620,1985.0,4.0,178
1505,1975.0,9.0,178
1433,1969.0,9.0,178
1529,1977.0,9.0,178
1460,1971.0,12.0,177
1681,1990.0,5.0,177
1466,1972.0,6.0,177
1486,1974.0,2.0,177
1618,1985.0,2.0,176
1489,1974.0,5.0,175
1442,1970.0,6.0,175
1430,1969.0,6.0,175
1478,1973.0,6.0,175
1648,1987.0,8.0,175
1537,1978.0,5.0,175
1664,1988.0,12.0,175
1512,1976.0,4.0,175
1381,1965.0,5.0,175
1522,1977.0,2.0,175
1563,1980.0,7.0,175
1584,1982.0,4.0,175
1514,1976.0,6.0,175
1502,1975.0,6.0,175
1727,1994.0,3.0,175
1493,1974.0,9.0,175
1516,1976.0,8.0,174
1623,1985.0,7.0,174
1630,1986.0,2.0,174
1587,1982.0,7.0,174
1565,1980.0,9.0,174
1642,1987.0,2.0,174
1732,1994.0,8.0,174
1602,1983.0,10.0,173
1455,1971.0,7.0,173
1543,1978.0,11.0,173
1444,1970.0,8.0,173
1628,1985.0,12.0,173
1491,1974.0,7.0,173
1406,1967.0,6.0,173
1694,1991.0,6.0,173
1378,1965.0,2.0,173
1366,1964.0,2.0,173
1424,1968.0,12.0,172
1697,1991.0,9.0,172
1402,1967.0,2.0,172
1550,1979.0,6.0,172
1715,1993.0,3.0,172
1499,1975.0,3.0,172
1729,1994.0,5.0,172
1355,1963.0,3.0,172
1610,1984.0,6.0,172
1637,1986.0,9.0,172
1418,1968.0,6.0,172
1635,1986.0,7.0,172
1695,1991.0,7.0,171
1482,1973.0,10.0,171
1356,1963.0,4.0,171
1682,1990.0,6.0,171
1717,1993.0,5.0,170
1693,1991.0,5.0,170
1708,1992.0,8.0,170
1546,1979.0,2.0,170
1390,1966.0,2.0,170
1500,1975.0,4.0,170
1646,1987.0,6.0,170
1539,1978.0,7.0,170
1588,1982.0,8.0,170
1467,1972.0,7.0,170
1702,1992.0,2.0,170
1530,1977.0,10.0,169
1552,1979.0,8.0,169
1683,1990.0,7.0,169
1536,1978.0,4.0,169
1638,1986.0,10.0,169
1606,1984.0,2.0,169
1597,1983.0,5.0,169
1631,1986.0,3.0,169
1394,1966.0,6.0,169
1359,1963.0,7.0,169
1655,1988.0,3.0,169
1661,1988.0,9.0,169
1625,1985.0,9.0,169
1634,1986.0,6.0,168
1675,1989.0,11.0,168
1420,1968.0,8.0,168
1407,1967.0,7.0,168
1431,1969.0,7.0,168
1704,1992.0,4.0,168
1590,1982.0,10.0,168
1398,1966.0,10.0,168
1612,1984.0,8.0,168
1479,1973.0,7.0,168
1404,1967.0,4.0,167
1419,1968.0,7.0,167
1527,1977.0,7.0,167
1403,1967.0,3.0,167
1498,1975.0,2.0,167
1490,1974.0,6.0,167
1496,1974.0,12.0,167
1396,1966.0,8.0,167
1680,1990.0,4.0,167
1524,1977.0,4.0,166
1609,1984.0,5.0,166
1608,1984.0,4.0,166
1643,1987.0,3.0,166
1417,1968.0,5.0,166
1611,1984.0,7.0,165
1674,1989.0,10.0,165
1540,1978.0,8.0,165
1728,1994.0,4.0,165
1392,1966.0,4.0,165
1548,1979.0,4.0,165
1322,1960.0,6.0,165
1690,1991.0,2.0,165
1613,1984.0,9.0,165
1592,1982.0,12.0,165
1329,1961.0,1.0,165
1720,1993.0,8.0,164
1492,1974.0,8.0,164
1382,1965.0,6.0,164
1372,1964.0,8.0,164
1343,1962.0,3.0,164
1521,1977.0,1.0,164
1504,1975.0,8.0,164
1368,1964.0,4.0,164
1692,1991.0,4.0,163
1601,1983.0,9.0,163
1688,1990.0,12.0,163
1673,1989.0,9.0,163
1344,1962.0,4.0,162
1616,1984.0,12.0,162
1564,1980.0,8.0,162
1663,1988.0,11.0,162
1535,1978.0,3.0,161
1379,1965.0,3.0,161
1371,1964.0,7.0,161
1721,1993.0,9.0,161
1342,1962.0,2.0,161
1714,1993.0,2.0,161
1558,1980.0,2.0,161
1542,1978.0,10.0,160
1458,1971.0,10.0,160
1495,1974.0,11.0,160
1323,1960.0,7.0,160
1447,1970.0,11.0,159
1434,1969.0,10.0,159
1687,1990.0,11.0,159
1551,1979.0,7.0,159
1577,1981.0,9.0,159
1507,1975.0,11.0,158
1519,1976.0,11.0,158
1459,1971.0,11.0,158
1361,1963.0,9.0,158
1494,1974.0,10.0,158
1388,1965.0,12.0,158
1570,1981.0,2.0,158
1719,1993.0,7.0,158
1599,1983.0,7.0,158
1707,1992.0,7.0,158
1317,1960.0,1.0,157
1568,1980.0,12.0,157
1737,1995.0,1.0,157
1666,1989.0,2.0,157
1589,1982.0,9.0,157
1346,1962.0,6.0,157
1709,1992.0,9.0,157
1520,1976.0,12.0,157
1676,1989.0,12.0,157
1383,1965.0,7.0,157
1603,1983.0,11.0,157
1614,1984.0,10.0,157
1598,1983.0,6.0,157
1506,1975.0,10.0,156
1658,1988.0,6.0,156
1705,1992.0,5.0,156
1528,1977.0,8.0,156
1472,1972.0,12.0,156
1411,1967.0,11.0,156
1534,1978.0,2.0,156
1532,1977.0,12.0,156
1395,1966.0,7.0,156
1706,1992.0,6.0,156
1574,1981.0,6.0,155
1357,1963.0,5.0,155
1305,1959.0,1.0,155
1517,1976.0,9.0,155
1358,1963.0,6.0,155
1483,1973.0,11.0,154
1350,1962.0,10.0,154
1331,1961.0,3.0,154
1384,1965.0,8.0,154
1503,1975.0,7.0,154
1703,1992.0,3.0,154
1639,1986.0,11.0,154
1526,1977.0,6.0,154
1308,1959.0,4.0,153
1652,1987.0,12.0,153
1640,1986.0,12.0,153
1362,1963.0,10.0,153
1345,1962.0,5.0,152
1749,1996.0,1.0,152
1426,1969.0,2.0,152
1408,1967.0,8.0,152
1662,1988.0,10.0,152
1686,1990.0,10.0,152
1448,1970.0,12.0,151
1370,1964.0,6.0,151
1591,1982.0,11.0,151
1726,1994.0,2.0,151
1710,1992.0,10.0,151
1376,1964.0,12.0,151
1566,1980.0,10.0,151
1173,1948.0,1.0,151
1369,1964.0,5.0,151
1446,1970.0,10.0,150
1724,1993.0,12.0,150
1373,1964.0,9.0,150
1386,1965.0,10.0,150
1423,1968.0,11.0,150
1580,1981.0,12.0,150
1730,1994.0,6.0,149
1578,1981.0,10.0,149
1518,1976.0,10.0,149
1531,1977.0,11.0,149
1586,1982.0,6.0,149
1375,1964.0,11.0,148
1471,1972.0,11.0,148
1311,1959.0,7.0,148
1364,1963.0,12.0,148
1354,1963.0,2.0,147
1318,1960.0,2.0,147
1604,1983.0,12.0,147
1544,1978.0,12.0,147
1541,1978.0,9.0,147
1387,1965.0,11.0,146
1567,1980.0,11.0,146
1627,1985.0,11.0,146
1293,1958.0,1.0,146
1397,1966.0,9.0,146
1725,1994.0,1.0,146
1321,1960.0,5.0,145
1651,1987.0,11.0,144
1600,1983.0,8.0,144
1743,1995.0,7.0,144
1508,1975.0,12.0,144
1744,1995.0,8.0,144
1351,1962.0,11.0,144
1339,1961.0,11.0,144
1716,1993.0,4.0,143
1163,1947.0,3.0,143
1336,1961.0,8.0,143
1053,1938.0,1.0,143
1432,1969.0,8.0,142
1412,1967.0,12.0,142
1259,1955.0,3.0,142
1161,1947.0,1.0,142
1320,1960.0,4.0,142
1374,1964.0,10.0,142
1324,1960.0,8.0,141
1347,1962.0,7.0,141
1348,1962.0,8.0,141
1711,1992.0,11.0,140
1734,1994.0,10.0,140
1733,1994.0,9.0,140
981,1932.0,1.0,140
969,1931.0,1.0,139
1698,1991.0,10.0,139
1309,1959.0,5.0,139
1360,1963.0,8.0,139
1306,1959.0,2.0,138
1209,1951.0,1.0,138
1313,1959.0,9.0,138
1738,1995.0,2.0,138
1615,1984.0,11.0,138
1538,1978.0,6.0,138
1334,1961.0,6.0,137
1137,1945.0,1.0,137
1352,1962.0,12.0,137
1554,1979.0,10.0,137
1740,1995.0,4.0,137
1745,1995.0,9.0,137
1753,1996.0,5.0,137
1556,1979.0,12.0,137
1699,1991.0,11.0,136
1029,1936.0,1.0,136
1338,1961.0,10.0,136
1335,1961.0,7.0,136
1326,1960.0,10.0,136
1314,1959.0,10.0,136
1700,1991.0,12.0,136
1310,1959.0,6.0,136
1410,1967.0,10.0,135
1257,1955.0,1.0,134
1294,1958.0,2.0,134
1712,1992.0,12.0,134
1750,1996.0,2.0,134
1399,1966.0,11.0,134
1295,1958.0,3.0,133
1736,1994.0,12.0,132
1349,1962.0,9.0,132
1400,1966.0,12.0,132
1579,1981.0,11.0,132
1722,1993.0,10.0,131
1307,1959.0,3.0,131
1761,1997.0,1.0,131
1299,1958.0,7.0,131
1248,1954.0,4.0,131
1735,1994.0,11.0,131
1297,1958.0,5.0,131
1752,1996.0,4.0,130
1325,1960.0,9.0,130
1283,1957.0,3.0,130
1763,1997.0,3.0,130
1555,1979.0,11.0,130
1333,1961.0,5.0,129
1286,1957.0,6.0,129
1337,1961.0,9.0,129
1332,1961.0,4.0,129
1330,1961.0,2.0,129
1199,1950.0,3.0,129
1167,1947.0,7.0,129
1101,1942.0,1.0,129
1723,1993.0,11.0,129
1125,1944.0,1.0,128
1235,1953.0,3.0,127
1731,1994.0,7.0,127
1291,1957.0,11.0,127
1181,1948.0,9.0,127
1089,1941.0,1.0,127
1271,1956.0,3.0,127
1393,1966.0,5.0,127
1261,1955.0,5.0,126
1327,1960.0,11.0,126
1742,1995.0,6.0,126
1300,1958.0,8.0,125
1276,1956.0,8.0,125
1204,1950.0,8.0,125
1319,1960.0,3.0,125
1296,1958.0,4.0,125
1751,1996.0,3.0,125
1748,1995.0,12.0,125
1267,1955.0,11.0,125
1363,1963.0,11.0,125
1211,1951.0,3.0,124
1739,1995.0,3.0,124
1289,1957.0,9.0,124
1328,1960.0,12.0,124
1718,1993.0,6.0,124
1103,1942.0,3.0,124
1233,1953.0,1.0,124
1185,1949.0,1.0,124
1152,1946.0,4.0,123
1251,1954.0,7.0,123
1186,1949.0,2.0,123
1284,1957.0,4.0,123
1245,1954.0,1.0,123
1741,1995.0,5.0,122
1065,1939.0,1.0,122
1149,1946.0,1.0,122
1285,1957.0,5.0,122
1215,1951.0,7.0,122
1746,1995.0,10.0,121
1133,1944.0,9.0,121
1258,1955.0,2.0,121
1169,1947.0,9.0,121
1077,1940.0,1.0,120
1221,1952.0,1.0,120
1747,1995.0,11.0,120
1755,1996.0,7.0,120
1176,1948.0,4.0,120
1191,1949.0,7.0,119
1269,1956.0,1.0,119
1301,1958.0,9.0,119
1197,1950.0,1.0,119
1290,1957.0,10.0,118
1188,1949.0,4.0,118
933,1928.0,1.0,118
1759,1996.0,11.0,118
1113,1943.0,1.0,118
1157,1946.0,9.0,117
1765,1997.0,5.0,117
1274,1956.0,6.0,117
1224,1952.0,4.0,117
1762,1997.0,2.0,117
1292,1957.0,12.0,117
1758,1996.0,10.0,117
1760,1996.0,12.0,117
1288,1957.0,8.0,116
1273,1956.0,5.0,116
1266,1955.0,10.0,116
1247,1954.0,3.0,116
1194,1949.0,10.0,116
1225,1952.0,5.0,116
1222,1952.0,2.0,116
1302,1958.0,10.0,115
1170,1947.0,10.0,115
1287,1957.0,7.0,115
1201,1950.0,5.0,115
1250,1954.0,6.0,115
1164,1947.0,4.0,115
957,1930.0,1.0,114
1189,1949.0,5.0,114
1260,1955.0,4.0,114
1265,1955.0,9.0,114
1277,1956.0,9.0,114
1182,1948.0,10.0,114
1138,1945.0,2.0,114
1162,1947.0,2.0,114
1230,1952.0,10.0,113
1268,1955.0,12.0,113
1150,1946.0,2.0,112
993,1933.0,1.0,112
1231,1952.0,11.0,112
1238,1953.0,6.0,112
1239,1953.0,7.0,112
1116,1943.0,4.0,112
1177,1948.0,5.0,112
1180,1948.0,8.0,112
1214,1951.0,6.0,112
1270,1956.0,2.0,112
1312,1959.0,8.0,112
1278,1956.0,10.0,112
1281,1957.0,1.0,112
1217,1951.0,9.0,111
1240,1953.0,8.0,111
1316,1959.0,12.0,111
1773,1998.0,1.0,111
1119,1943.0,7.0,111
1175,1948.0,3.0,111
1252,1954.0,8.0,111
1187,1949.0,3.0,111
1298,1958.0,6.0,111
1005,1934.0,1.0,110
1229,1952.0,9.0,110
1824,2002.0,4.0,110
1315,1959.0,11.0,110
1249,1954.0,5.0,110
1256,1954.0,12.0,110
1055,1938.0,3.0,110
1210,1951.0,2.0,110
1153,1946.0,5.0,109
1242,1953.0,10.0,109
1166,1947.0,6.0,109
1234,1953.0,2.0,108
1158,1946.0,10.0,108
1223,1952.0,3.0,108
1121,1943.0,9.0,108
1227,1952.0,7.0,108
1096,1941.0,8.0,108
1159,1946.0,11.0,108
1764,1997.0,4.0,108
1340,1961.0,12.0,108
1244,1953.0,12.0,108
1151,1946.0,3.0,108
1237,1953.0,5.0,108
1129,1944.0,5.0,108
1303,1958.0,11.0,108
1275,1956.0,7.0,108
1057,1938.0,5.0,107
1766,1997.0,6.0,107
1196,1949.0,12.0,107
1228,1952.0,8.0,107
1255,1954.0,11.0,106
1093,1941.0,5.0,106
1769,1997.0,9.0,106
1754,1996.0,6.0,106
1117,1943.0,5.0,106
1172,1947.0,12.0,106
1767,1997.0,7.0,106
945,1929.0,1.0,106
1218,1951.0,10.0,106
1236,1953.0,4.0,106
1085,1940.0,9.0,105
1126,1944.0,2.0,105
1017,1935.0,1.0,105
1304,1958.0,12.0,105
1105,1942.0,5.0,105
1206,1950.0,10.0,104
1205,1950.0,9.0,104
1140,1945.0,4.0,104
1254,1954.0,10.0,104
1079,1940.0,3.0,104
1168,1947.0,8.0,104
1086,1940.0,10.0,104
1193,1949.0,9.0,103
1756,1996.0,8.0,103
1097,1941.0,9.0,103
1213,1951.0,5.0,103
1067,1939.0,3.0,102
1171,1947.0,11.0,102
1775,1998.0,3.0,102
1768,1997.0,8.0,102
1115,1943.0,3.0,102
1154,1946.0,6.0,102
1226,1952.0,6.0,102
1757,1996.0,9.0,101
1263,1955.0,7.0,101
1207,1950.0,11.0,101
1246,1954.0,2.0,101
1043,1937.0,3.0,101
1220,1951.0,12.0,101
1198,1950.0,2.0,100
1088,1940.0,12.0,100
1041,1937.0,1.0,100
1165,1947.0,5.0,100
1144,1945.0,8.0,100
1134,1944.0,10.0,100
1232,1952.0,12.0,99
1127,1944.0,3.0,99
1054,1938.0,2.0,99
1241,1953.0,9.0,99
1155,1946.0,7.0,99
1195,1949.0,11.0,99
1262,1955.0,6.0,99
1190,1949.0,6.0,98
1007,1934.0,3.0,98
1130,1944.0,6.0,98
1114,1943.0,2.0,98
1200,1950.0,4.0,98
1095,1941.0,7.0,97
1102,1942.0,2.0,97
1264,1955.0,8.0,97
1124,1943.0,12.0,97
1174,1948.0,2.0,97
1178,1948.0,6.0,97
1073,1939.0,9.0,97
1183,1948.0,11.0,97
1118,1943.0,6.0,97
1192,1949.0,8.0,97
1208,1950.0,12.0,96
1272,1956.0,4.0,96
1253,1954.0,9.0,96
1280,1956.0,12.0,96
909,1926.0,1.0,96
1047,1937.0,7.0,96
1120,1943.0,8.0,95
1122,1943.0,10.0,95
1827,2002.0,7.0,95
1109,1942.0,9.0,95
1160,1946.0,12.0,95
1128,1944.0,4.0,95
897,1925.0,1.0,94
1111,1942.0,11.0,94
1068,1939.0,4.0,94
1078,1940.0,2.0,94
1136,1944.0,12.0,94
1139,1945.0,3.0,94
1156,1946.0,8.0,94
1107,1942.0,7.0,93
1108,1942.0,8.0,93
1790,1999.0,6.0,93
1145,1945.0,9.0,93
1179,1948.0,7.0,93
963,1930.0,7.0,92
1092,1941.0,4.0,92
1059,1938.0,7.0,92
1148,1945.0,12.0,92
1087,1940.0,11.0,92
1821,2002.0,1.0,92
1076,1939.0,12.0,91
1123,1943.0,11.0,91
1074,1939.0,10.0,91
1106,1942.0,6.0,91
1060,1938.0,8.0,91
1147,1945.0,11.0,91
1770,1997.0,10.0,91
1282,1957.0,2.0,91
1141,1945.0,5.0,91
1203,1950.0,7.0,90
1216,1951.0,8.0,90
1083,1940.0,7.0,90
1184,1948.0,12.0,90
1202,1950.0,6.0,90
633,1903.0,1.0,90
1044,1937.0,4.0,90
1142,1945.0,6.0,90
1112,1942.0,12.0,90
1132,1944.0,8.0,89
1822,2002.0,2.0,89
921,1927.0,1.0,89
1780,1998.0,8.0,89
979,1931.0,11.0,89
1075,1939.0,11.0,88
1080,1940.0,4.0,88
1081,1940.0,5.0,88
1110,1942.0,10.0,88
1771,1997.0,11.0,88
1056,1938.0,4.0,88
1049,1937.0,9.0,88
1772,1997.0,12.0,87
645,1904.0,1.0,87
968,1930.0,12.0,87
1090,1941.0,2.0,87
597,1900.0,1.0,87
1030,1936.0,2.0,87
1787,1999.0,3.0,87
1091,1941.0,3.0,86
975,1931.0,7.0,86
1828,2002.0,8.0,86
1779,1998.0,7.0,86
1212,1951.0,4.0,85
1219,1951.0,11.0,85
1035,1936.0,7.0,85
1104,1942.0,4.0,85
1793,1999.0,9.0,85
1051,1937.0,11.0,85
956,1929.0,12.0,85
1774,1998.0,2.0,84
1781,1998.0,9.0,84
1782,1998.0,10.0,84
1131,1944.0,7.0,84
1094,1941.0,6.0,84
1071,1939.0,7.0,84
1045,1937.0,5.0,84
1058,1938.0,6.0,83
1098,1941.0,10.0,83
976,1931.0,8.0,83
990,1932.0,10.0,83
985,1932.0,5.0,83
1823,2002.0,3.0,83
947,1929.0,3.0,82
966,1930.0,10.0,82
1021,1935.0,5.0,82
1033,1936.0,5.0,82
669,1906.0,1.0,82
1025,1935.0,9.0,82
1069,1939.0,5.0,82
1776,1998.0,4.0,81
1146,1945.0,10.0,81
971,1931.0,3.0,81
1279,1956.0,11.0,81
1062,1938.0,10.0,81
1008,1934.0,4.0,81
1064,1938.0,12.0,81
1082,1940.0,6.0,81
1825,2002.0,5.0,81
1009,1934.0,5.0,81
1070,1939.0,6.0,81
1011,1934.0,7.0,81
960,1930.0,4.0,81
585,1899.0,1.0,80
996,1933.0,4.0,80
1788,1999.0,4.0,80
1778,1998.0,6.0,80
1046,1937.0,6.0,80
1015,1934.0,11.0,79
1039,1936.0,11.0,79
1013,1934.0,9.0,79
1785,1999.0,1.0,79
1042,1937.0,2.0,79
1777,1998.0,5.0,79
959,1930.0,3.0,79
1032,1936.0,4.0,79
943,1928.0,11.0,79
955,1929.0,11.0,78
1135,1944.0,11.0,78
1143,1945.0,7.0,78
1019,1935.0,3.0,78
1066,1939.0,2.0,78
1243,1953.0,11.0,77
1006,1934.0,2.0,77
954,1929.0,10.0,77
908,1925.0,12.0,77
944,1928.0,12.0,77
1034,1936.0,6.0,77
1027,1935.0,11.0,77
948,1929.0,4.0,77
992,1932.0,12.0,76
1004,1933.0,12.0,76
1050,1937.0,10.0,76
1786,1999.0,2.0,76
573,1898.0,1.0,76
995,1933.0,3.0,76
911,1926.0,3.0,76
657,1905.0,1.0,76
1100,1941.0,12.0,76
1099,1941.0,11.0,76
953,1929.0,9.0,75
997,1933.0,5.0,75
621,1902.0,1.0,75
988,1932.0,8.0,75
1830,2002.0,10.0,75
903,1925.0,7.0,75
1791,1999.0,7.0,75
765,1914.0,1.0,75
925,1927.0,5.0,74
705,1909.0,1.0,74
938,1928.0,6.0,74
1014,1934.0,10.0,74
1794,1999.0,10.0,74
1084,1940.0,8.0,74
609,1901.0,1.0,74
949,1929.0,5.0,74
693,1908.0,1.0,74
1026,1935.0,10.0,74
1022,1935.0,6.0,74
973,1931.0,5.0,74
984,1932.0,4.0,73
939,1928.0,7.0,73
991,1932.0,11.0,73
1063,1938.0,11.0,73
952,1929.0,8.0,73
1002,1933.0,10.0,73
974,1931.0,6.0,72
1783,1998.0,11.0,72
1826,2002.0,6.0,72
1040,1936.0,12.0,72
920,1926.0,12.0,72
729,1911.0,1.0,72
1845,2004.0,1.0,72
741,1912.0,1.0,72
1038,1936.0,10.0,72
1037,1936.0,9.0,71
982,1932.0,2.0,71
861,1922.0,1.0,71
987,1932.0,7.0,71
972,1931.0,4.0,71
999,1933.0,7.0,71
1020,1935.0,4.0,71
928,1927.0,8.0,71
1784,1998.0,12.0,71
873,1923.0,1.0,71
967,1930.0,11.0,70
935,1928.0,3.0,70
980,1931.0,12.0,70
885,1924.0,1.0,70
927,1927.0,7.0,70
1833,2003.0,1.0,70
1028,1935.0,12.0,70
1018,1935.0,2.0,70
994,1933.0,2.0,70
1031,1936.0,3.0,69
1036,1936.0,8.0,69
1832,2002.0,12.0,69
1012,1934.0,8.0,69
1829,2002.0,9.0,69
774,1914.0,10.0,69
453,1888.0,1.0,69
998,1933.0,6.0,69
849,1921.0,1.0,69
694,1908.0,2.0,69
929,1927.0,9.0,69
1800,2000.0,4.0,69
950,1929.0,6.0,68
1072,1939.0,8.0,68
1052,1937.0,12.0,68
1061,1938.0,9.0,68
962,1930.0,6.0,68
1016,1934.0,12.0,67
1801,2000.0,5.0,67
1847,2004.0,3.0,67
1799,2000.0,3.0,66
965,1930.0,9.0,66
723,1910.0,7.0,66
923,1927.0,3.0,66
900,1925.0,4.0,65
910,1926.0,2.0,65
940,1928.0,8.0,65
1795,1999.0,11.0,65
1789,1999.0,5.0,65
417,1885.0,1.0,65
1846,2004.0,2.0,65
983,1932.0,3.0,65
961,1930.0,5.0,65
1048,1937.0,8.0,65
977,1931.0,9.0,64
946,1929.0,2.0,64
777,1915.0,1.0,64
970,1931.0,2.0,64
914,1926.0,6.0,64
958,1930.0,2.0,64
1010,1934.0,6.0,63
989,1932.0,9.0,63
916,1926.0,8.0,63
1003,1933.0,11.0,63
964,1930.0,8.0,63
683,1907.0,3.0,63
890,1924.0,6.0,63
753,1913.0,1.0,63
1831,2002.0,11.0,63
778,1915.0,2.0,62
931,1927.0,11.0,62
986,1932.0,6.0,62
924,1927.0,4.0,62
899,1925.0,3.0,62
837,1920.0,1.0,62
1001,1933.0,9.0,62
978,1931.0,10.0,62
1792,1999.0,8.0,62
941,1928.0,9.0,62
1024,1935.0,8.0,61
934,1928.0,2.0,61
930,1927.0,10.0,61
937,1928.0,5.0,61
951,1929.0,7.0,61
1023,1935.0,7.0,61
942,1928.0,10.0,61
895,1924.0,11.0,61
393,1883.0,1.0,61
898,1925.0,2.0,61
429,1886.0,1.0,61
717,1910.0,1.0,61
875,1923.0,3.0,60
1000,1933.0,8.0,60
749,1912.0,9.0,60
746,1912.0,6.0,60
649,1904.0,5.0,60
1797,2000.0,1.0,60
919,1926.0,11.0,60
915,1926.0,7.0,59
1834,2003.0,2.0,59
752,1912.0,12.0,59
549,1896.0,1.0,58
561,1897.0,1.0,58
513,1893.0,1.0,58
680,1906.0,12.0,58
681,1907.0,1.0,58
501,1892.0,1.0,58
744,1912.0,4.0,58
801,1917.0,1.0,58
872,1922.0,12.0,58
926,1927.0,6.0,58
748,1912.0,8.0,57
661,1905.0,5.0,57
678,1906.0,10.0,57
763,1913.0,11.0,57
917,1926.0,9.0,57
1839,2003.0,7.0,57
726,1910.0,10.0,57
1849,2004.0,5.0,56
922,1927.0,2.0,56
606,1900.0,10.0,56
769,1914.0,5.0,56
758,1913.0,6.0,55
751,1912.0,11.0,55
1848,2004.0,4.0,55
405,1884.0,1.0,55
904,1925.0,8.0,55
747,1912.0,7.0,54
789,1916.0,1.0,54
760,1913.0,8.0,54
768,1914.0,4.0,54
755,1913.0,3.0,54
893,1924.0,9.0,54
695,1908.0,3.0,54
743,1912.0,3.0,54
767,1914.0,3.0,54
913,1926.0,5.0,54
716,1909.0,12.0,54
714,1909.0,10.0,54
936,1928.0,4.0,54
742,1912.0,2.0,53
892,1924.0,8.0,53
854,1921.0,6.0,53
690,1907.0,10.0,53
632,1902.0,12.0,53
724,1910.0,8.0,53
648,1904.0,4.0,53
1809,2001.0,1.0,52
891,1924.0,7.0,52
1805,2000.0,9.0,52
709,1909.0,5.0,52
685,1907.0,5.0,52
894,1924.0,10.0,52
696,1908.0,4.0,52
739,1911.0,11.0,52
757,1913.0,5.0,52
779,1915.0,3.0,51
756,1913.0,4.0,51
773,1914.0,9.0,51
675,1906.0,7.0,51
711,1909.0,7.0,51
906,1925.0,10.0,51
738,1911.0,10.0,51
525,1894.0,1.0,51
477,1890.0,1.0,51
701,1908.0,9.0,51
707,1909.0,3.0,51
625,1902.0,5.0,51
887,1924.0,3.0,51
1802,2000.0,6.0,51
1807,2000.0,11.0,51
918,1926.0,10.0,51
1835,2003.0,3.0,51
676,1906.0,8.0,50
750,1912.0,10.0,50
610,1901.0,2.0,50
932,1927.0,12.0,50
735,1911.0,7.0,50
772,1914.0,8.0,49
764,1913.0,12.0,49
713,1909.0,9.0,49
860,1921.0,12.0,49
732,1911.0,4.0,49
653,1904.0,9.0,49
698,1908.0,6.0,49
647,1904.0,3.0,49
719,1910.0,3.0,49
357,1880.0,1.0,49
901,1925.0,5.0,48
670,1906.0,2.0,48
731,1911.0,3.0,48
762,1913.0,10.0,48
766,1914.0,2.0,48
874,1923.0,2.0,48
682,1907.0,2.0,48
896,1924.0,12.0,48
381,1882.0,1.0,48
905,1925.0,9.0,48
659,1905.0,3.0,48
490,1891.0,2.0,48
1804,2000.0,8.0,47
454,1888.0,2.0,47
333,1878.0,1.0,47
725,1910.0,9.0,47
689,1907.0,9.0,47
1836,2003.0,4.0,47
607,1900.0,11.0,47
441,1887.0,1.0,47
671,1906.0,3.0,47
1803,2000.0,7.0,47
640,1903.0,8.0,46
737,1911.0,9.0,46
651,1904.0,7.0,46
697,1908.0,5.0,46
902,1925.0,6.0,46
733,1911.0,5.0,46
848,1920.0,12.0,46
771,1914.0,7.0,46
630,1902.0,10.0,46
635,1903.0,3.0,46
1806,2000.0,10.0,46
780,1915.0,4.0,46
877,1923.0,5.0,46
907,1925.0,11.0,46
668,1905.0,12.0,45
754,1913.0,2.0,45
600,1900.0,4.0,45
1796,1999.0,12.0,45
721,1910.0,5.0,45
740,1911.0,12.0,45
489,1891.0,1.0,45
699,1908.0,7.0,45
465,1889.0,1.0,45
665,1905.0,9.0,45
884,1923.0,12.0,45
1798,2000.0,2.0,45
684,1907.0,4.0,45
612,1901.0,4.0,45
1840,2003.0,8.0,45
730,1911.0,2.0,45
614,1901.0,6.0,45
859,1921.0,11.0,44
813,1918.0,1.0,44
880,1923.0,8.0,44
834,1919.0,10.0,44
1837,2003.0,5.0,44
853,1921.0,5.0,44
679,1906.0,11.0,44
846,1920.0,10.0,44
879,1923.0,7.0,44
1811,2001.0,3.0,44
841,1920.0,5.0,44
611,1901.0,3.0,44
783,1915.0,7.0,44
703,1908.0,11.0,43
702,1908.0,10.0,43
439,1886.0,11.0,43
718,1910.0,2.0,43
704,1908.0,12.0,43
1850,2004.0,6.0,43
878,1923.0,6.0,43
623,1902.0,3.0,43
855,1921.0,7.0,43
642,1903.0,10.0,43
687,1907.0,7.0,43
843,1920.0,7.0,43
1808,2000.0,12.0,43
869,1922.0,9.0,43
654,1904.0,10.0,42
1851,2004.0,7.0,42
643,1903.0,11.0,42
706,1909.0,2.0,42
628,1902.0,8.0,42
667,1905.0,11.0,42
862,1922.0,2.0,42
734,1911.0,6.0,42
447,1887.0,7.0,42
761,1913.0,9.0,42
810,1917.0,10.0,42
776,1914.0,12.0,42
565,1897.0,5.0,42
796,1916.0,8.0,42
736,1911.0,8.0,42
851,1921.0,3.0,42
727,1910.0,11.0,42
712,1909.0,8.0,41
786,1915.0,10.0,41
627,1902.0,7.0,41
602,1900.0,6.0,41
710,1909.0,6.0,41
629,1902.0,9.0,41
883,1923.0,11.0,41
637,1903.0,5.0,41
656,1904.0,12.0,41
759,1913.0,7.0,41
603,1900.0,7.0,41
616,1901.0,8.0,41
1843,2003.0,11.0,41
416,1884.0,12.0,41
889,1924.0,5.0,41
626,1902.0,6.0,40
886,1924.0,2.0,40
464,1888.0,12.0,40
708,1909.0,4.0,40
467,1889.0,3.0,40
500,1891.0,12.0,40
662,1905.0,6.0,40
715,1909.0,11.0,40
537,1895.0,1.0,40
1842,2003.0,10.0,40
720,1910.0,4.0,40
574,1898.0,2.0,40
857,1921.0,9.0,40
584,1898.0,12.0,40
622,1902.0,2.0,40
1838,2003.0,6.0,40
775,1914.0,11.0,40
888,1924.0,4.0,40
728,1910.0,12.0,40
1852,2004.0,8.0,40
595,1899.0,11.0,40
1853,2004.0,9.0,40
1841,2003.0,9.0,40
593,1899.0,9.0,40
672,1906.0,4.0,40
613,1901.0,5.0,40
912,1926.0,4.0,39
588,1899.0,4.0,39
624,1902.0,4.0,39
431,1886.0,3.0,39
430,1886.0,2.0,39
443,1887.0,3.0,39
839,1920.0,3.0,39
677,1906.0,9.0,39
700,1908.0,8.0,39
664,1905.0,8.0,39
722,1910.0,6.0,39
882,1923.0,10.0,39
876,1923.0,4.0,38
817,1918.0,5.0,38
605,1900.0,9.0,38
615,1901.0,7.0,38
455,1888.0,3.0,38
515,1893.0,3.0,38
450,1887.0,10.0,38
863,1922.0,3.0,38
592,1899.0,8.0,38
691,1907.0,11.0,38
474,1889.0,10.0,38
865,1922.0,5.0,38
655,1904.0,11.0,38
369,1881.0,1.0,38
825,1919.0,1.0,38
658,1905.0,2.0,38
842,1920.0,6.0,37
781,1915.0,5.0,37
476,1889.0,12.0,37
638,1903.0,6.0,37
495,1891.0,7.0,37
641,1903.0,9.0,37
462,1888.0,10.0,37
840,1920.0,4.0,37
582,1898.0,10.0,37
666,1905.0,10.0,37
646,1904.0,2.0,37
418,1885.0,2.0,37
397,1883.0,5.0,36
856,1921.0,8.0,36
536,1894.0,12.0,36
445,1887.0,5.0,36
449,1887.0,9.0,36
797,1916.0,9.0,36
497,1891.0,9.0,36
356,1879.0,12.0,36
345,1879.0,1.0,36
406,1884.0,2.0,36
838,1920.0,2.0,36
598,1900.0,2.0,36
550,1896.0,2.0,36
491,1891.0,3.0,36
692,1907.0,12.0,36
619,1901.0,11.0,36
660,1905.0,4.0,36
618,1901.0,10.0,36
791,1916.0,3.0,36
770,1914.0,6.0,36
524,1893.0,12.0,36
516,1893.0,4.0,36
505,1892.0,5.0,35
577,1898.0,5.0,35
829,1919.0,5.0,35
1820,2001.0,12.0,35
415,1884.0,11.0,35
845,1920.0,9.0,35
480,1890.0,4.0,35
799,1916.0,11.0,35
420,1885.0,4.0,35
608,1900.0,12.0,35
583,1898.0,11.0,35
1844,2003.0,12.0,35
850,1921.0,2.0,35
852,1921.0,4.0,35
864,1922.0,4.0,35
644,1903.0,12.0,35
793,1916.0,5.0,35
547,1895.0,11.0,35
479,1890.0,3.0,34
639,1903.0,7.0,34
866,1922.0,6.0,34
1810,2001.0,2.0,34
798,1916.0,10.0,34
617,1901.0,9.0,34
792,1916.0,4.0,34
1817,2001.0,9.0,34
601,1900.0,5.0,34
803,1917.0,3.0,34
800,1916.0,12.0,34
594,1899.0,10.0,34
466,1889.0,2.0,33
818,1918.0,6.0,33
463,1888.0,11.0,33
502,1892.0,2.0,33
401,1883.0,9.0,33
533,1894.0,9.0,33
456,1888.0,4.0,33
871,1922.0,11.0,33
688,1907.0,8.0,33
552,1896.0,4.0,33
867,1922.0,7.0,33
795,1916.0,7.0,33
847,1920.0,11.0,33
785,1915.0,9.0,33
631,1902.0,11.0,33
620,1901.0,12.0,33
835,1919.0,11.0,33
1815,2001.0,7.0,33
1854,2004.0,10.0,33
517,1893.0,5.0,32
745,1912.0,5.0,32
523,1893.0,11.0,32
686,1907.0,6.0,32
451,1887.0,11.0,32
673,1906.0,5.0,32
481,1890.0,5.0,32
506,1892.0,6.0,32
483,1890.0,7.0,32
634,1903.0,2.0,32
805,1917.0,5.0,32
663,1905.0,7.0,32
674,1906.0,6.0,32
499,1891.0,11.0,32
821,1918.0,9.0,32
560,1896.0,12.0,32
868,1922.0,8.0,32
376,1881.0,8.0,32
828,1919.0,4.0,32
446,1887.0,6.0,32
1818,2001.0,10.0,32
531,1894.0,7.0,32
438,1886.0,10.0,32
414,1884.0,10.0,32
836,1919.0,12.0,32
419,1885.0,3.0,32
1855,2004.0,11.0,31
652,1904.0,8.0,31
407,1884.0,3.0,31
827,1919.0,3.0,31
321,1877.0,1.0,31
452,1887.0,12.0,31
472,1889.0,8.0,31
811,1917.0,11.0,31
1812,2001.0,4.0,31
881,1923.0,9.0,31
1819,2001.0,11.0,31
396,1883.0,4.0,31
650,1904.0,6.0,31
596,1899.0,12.0,31
567,1897.0,7.0,31
586,1899.0,2.0,31
794,1916.0,6.0,31
589,1899.0,5.0,31
604,1900.0,8.0,31
553,1896.0,5.0,31
580,1898.0,8.0,31
377,1881.0,9.0,30
388,1882.0,8.0,30
435,1886.0,7.0,30
578,1898.0,6.0,30
787,1915.0,11.0,30
424,1885.0,8.0,30
790,1916.0,2.0,30
591,1899.0,7.0,30
538,1895.0,2.0,30
541,1895.0,5.0,30
587,1899.0,3.0,30
470,1889.0,6.0,30
402,1883.0,10.0,30
437,1886.0,9.0,30
498,1891.0,10.0,30
507,1892.0,7.0,30
1814,2001.0,6.0,30
566,1897.0,6.0,30
487,1890.0,11.0,30
482,1890.0,6.0,30
433,1886.0,5.0,29
358,1880.0,2.0,29
371,1881.0,3.0,29
532,1894.0,8.0,29
579,1898.0,7.0,29
440,1886.0,12.0,29
569,1897.0,9.0,29
436,1886.0,8.0,29
475,1889.0,11.0,29
572,1897.0,12.0,29
378,1881.0,10.0,29
551,1896.0,3.0,29
782,1915.0,6.0,29
563,1897.0,3.0,29
833,1919.0,9.0,29
824,1918.0,12.0,29
398,1883.0,6.0,29
448,1887.0,8.0,29
636,1903.0,4.0,29
542,1895.0,6.0,29
814,1918.0,2.0,29
816,1918.0,4.0,29
576,1898.0,4.0,29
509,1892.0,9.0,29
457,1888.0,5.0,29
469,1889.0,5.0,29
555,1896.0,7.0,28
392,1882.0,12.0,28
426,1885.0,10.0,28
1813,2001.0,5.0,28
390,1882.0,10.0,28
539,1895.0,3.0,28
802,1917.0,2.0,28
428,1885.0,12.0,28
540,1895.0,4.0,28
832,1919.0,8.0,28
412,1884.0,8.0,28
410,1884.0,6.0,28
858,1921.0,10.0,28
823,1918.0,11.0,28
599,1900.0,3.0,28
458,1888.0,6.0,28
442,1887.0,2.0,28
557,1896.0,9.0,28
812,1917.0,12.0,28
375,1881.0,7.0,28
784,1915.0,8.0,28
459,1888.0,7.0,28
460,1888.0,8.0,28
568,1897.0,8.0,28
807,1917.0,7.0,28
394,1883.0,2.0,27
1816,2001.0,8.0,27
343,1878.0,11.0,27
347,1879.0,3.0,27
370,1881.0,2.0,27
545,1895.0,9.0,27
570,1897.0,10.0,27
496,1891.0,8.0,27
844,1920.0,8.0,27
395,1883.0,3.0,27
471,1889.0,7.0,27
529,1894.0,5.0,27
413,1884.0,9.0,27
432,1886.0,4.0,27
819,1918.0,7.0,27
422,1885.0,6.0,27
511,1892.0,11.0,26
826,1919.0,2.0,26
488,1890.0,12.0,26
503,1892.0,3.0,26
484,1890.0,8.0,26
346,1879.0,2.0,26
806,1917.0,6.0,26
421,1885.0,5.0,26
571,1897.0,11.0,26
367,1880.0,11.0,26
1856,2004.0,12.0,26
559,1896.0,11.0,26
403,1883.0,11.0,26
404,1883.0,12.0,26
383,1882.0,3.0,26
788,1915.0,12.0,25
368,1880.0,12.0,25
870,1922.0,10.0,25
815,1918.0,3.0,25
808,1917.0,8.0,25
521,1893.0,9.0,25
520,1893.0,8.0,25
461,1888.0,9.0,25
590,1899.0,6.0,25
478,1890.0,2.0,25
512,1892.0,12.0,25
494,1891.0,6.0,25
492,1891.0,4.0,25
820,1918.0,8.0,25
409,1884.0,5.0,25
546,1895.0,10.0,25
297,1875.0,1.0,25
427,1885.0,11.0,25
387,1882.0,7.0,25
830,1919.0,6.0,25
527,1894.0,3.0,24
558,1896.0,10.0,24
575,1898.0,3.0,24
504,1892.0,4.0,24
519,1893.0,7.0,24
548,1895.0,12.0,24
382,1882.0,2.0,24
348,1879.0,4.0,24
528,1894.0,4.0,24
534,1894.0,10.0,24
361,1880.0,5.0,24
535,1894.0,11.0,24
510,1892.0,10.0,23
530,1894.0,6.0,23
400,1883.0,8.0,23
562,1897.0,2.0,23
336,1878.0,4.0,23
399,1883.0,7.0,23
508,1892.0,8.0,23
556,1896.0,8.0,23
379,1881.0,11.0,23
353,1879.0,9.0,23
425,1885.0,9.0,23
822,1918.0,10.0,23
362,1880.0,6.0,23
386,1882.0,6.0,23
384,1882.0,4.0,23
526,1894.0,2.0,23
468,1889.0,4.0,22
473,1889.0,9.0,22
581,1898.0,9.0,22
809,1917.0,9.0,22
411,1884.0,7.0,22
363,1880.0,7.0,22
554,1896.0,6.0,22
380,1881.0,12.0,22
309,1876.0,1.0,22
444,1887.0,4.0,22
340,1878.0,8.0,22
423,1885.0,7.0,22
408,1884.0,4.0,22
522,1893.0,10.0,21
329,1877.0,9.0,21
518,1893.0,6.0,21
365,1880.0,9.0,21
544,1895.0,8.0,21
349,1879.0,5.0,21
486,1890.0,10.0,20
285,1874.0,1.0,20
261,1872.0,1.0,20
391,1882.0,11.0,20
372,1881.0,4.0,20
360,1880.0,4.0,20
341,1878.0,9.0,20
318,1876.0,10.0,20
315,1876.0,7.0,19
335,1878.0,3.0,19
514,1893.0,2.0,19
385,1882.0,5.0,19
1857,2005.0,1.0,19
344,1878.0,12.0,19
564,1897.0,4.0,19
364,1880.0,8.0,19
804,1917.0,4.0,19
352,1879.0,8.0,19
292,1874.0,8.0,19
1862,2005.0,6.0,18
831,1919.0,7.0,18
270,1872.0,10.0,18
295,1874.0,11.0,18
331,1877.0,11.0,18
366,1880.0,10.0,18
323,1877.0,3.0,18
302,1875.0,6.0,18
389,1882.0,9.0,18
374,1881.0,6.0,18
373,1881.0,5.0,18
307,1875.0,11.0,18
350,1879.0,6.0,18
299,1875.0,3.0,18
485,1890.0,9.0,18
359,1880.0,3.0,17
1858,2005.0,2.0,17
354,1879.0,10.0,17
1861,2005.0,5.0,17
327,1877.0,7.0,17
434,1886.0,6.0,17
308,1875.0,12.0,17
314,1876.0,6.0,16
306,1875.0,10.0,16
325,1877.0,5.0,16
355,1879.0,11.0,16
312,1876.0,4.0,16
301,1875.0,5.0,16
1864,2005.0,8.0,16
283,1873.0,11.0,15
303,1875.0,7.0,15
287,1874.0,3.0,15
1860,2005.0,4.0,15
310,1876.0,2.0,15
493,1891.0,5.0,15
339,1878.0,7.0,15
337,1878.0,5.0,15
334,1878.0,2.0,15
330,1877.0,10.0,15
324,1877.0,4.0,15
342,1878.0,10.0,14
338,1878.0,6.0,14
298,1875.0,2.0,14
311,1876.0,3.0,14
273,1873.0,1.0,14
320,1876.0,12.0,14
543,1895.0,7.0,14
317,1876.0,9.0,13
326,1877.0,6.0,13
304,1875.0,8.0,13
316,1876.0,8.0,13
294,1874.0,10.0,13
1859,2005.0,3.0,13
291,1874.0,7.0,13
249,1871.0,1.0,13
263,1872.0,3.0,13
280,1873.0,8.0,12
201,1867.0,1.0,12
319,1876.0,11.0,12
271,1872.0,11.0,12
1865,2005.0,9.0,12
237,1870.0,1.0,12
223,1868.0,11.0,12
351,1879.0,7.0,12
248,1870.0,12.0,11
200,1866.0,12.0,11
288,1874.0,4.0,11
1863,2005.0,7.0,11
293,1874.0,9.0,11
272,1872.0,12.0,10
332,1877.0,12.0,10
296,1874.0,12.0,10
251,1871.0,3.0,10
229,1869.0,5.0,10
225,1869.0,1.0,10
313,1876.0,5.0,10
264,1872.0,4.0,10
328,1877.0,8.0,10
205,1867.0,5.0,10
252,1871.0,4.0,9
213,1868.0,1.0,9
1866,2005.0,10.0,9
199,1866.0,11.0,9
244,1870.0,8.0,9
245,1870.0,9.0,9
282,1873.0,10.0,9
289,1874.0,5.0,9
322,1877.0,2.0,9
1868,2005.0,12.0,8
290,1874.0,6.0,8
250,1871.0,2.0,8
281,1873.0,9.0,8
278,1873.0,6.0,8
277,1873.0,5.0,8
255,1871.0,7.0,8
276,1873.0,4.0,8
1867,2005.0,11.0,8
239,1870.0,3.0,8
238,1870.0,2.0,8
267,1872.0,7.0,8
221,1868.0,9.0,8
164,1863.0,11.0,8
254,1871.0,6.0,8
232,1869.0,8.0,8
286,1874.0,2.0,8
169,1864.0,4.0,7
179,1865.0,2.0,7
156,1863.0,1.0,7
166,1864.0,1.0,7
212,1867.0,12.0,7
284,1873.0,12.0,7
197,1866.0,8.0,7
274,1873.0,2.0,7
219,1868.0,7.0,7
265,1872.0,5.0,7
231,1869.0,7.0,7
234,1869.0,10.0,7
253,1871.0,5.0,7
242,1870.0,6.0,7
177,1864.0,12.0,7
305,1875.0,9.0,6
134,1861.0,1.0,6
172,1864.0,7.0,6
259,1871.0,11.0,6
191,1866.0,2.0,6
189,1865.0,12.0,6
184,1865.0,7.0,6
269,1872.0,9.0,6
190,1866.0,1.0,6
279,1873.0,7.0,6
209,1867.0,9.0,6
188,1865.0,11.0,6
227,1869.0,3.0,6
226,1869.0,2.0,6
241,1870.0,5.0,6
210,1867.0,10.0,6
246,1870.0,10.0,6
216,1868.0,4.0,6
260,1871.0,12.0,6
203,1867.0,3.0,6
268,1872.0,8.0,6
143,1861.0,10.0,5
240,1870.0,4.0,5
193,1866.0,4.0,5
222,1868.0,10.0,5
217,1868.0,5.0,5
111,1859.0,1.0,5
214,1868.0,2.0,5
256,1871.0,8.0,5
204,1867.0,4.0,5
173,1864.0,8.0,5
300,1875.0,4.0,5
147,1862.0,2.0,5
162,1863.0,8.0,5
176,1864.0,11.0,5
170,1864.0,5.0,5
168,1864.0,3.0,5
178,1865.0,1.0,5
152,1862.0,8.0,5
266,1872.0,6.0,5
257,1871.0,9.0,4
60,1853.0,10.0,4
220,1868.0,8.0,4
207,1867.0,7.0,4
82,1856.0,3.0,4
224,1868.0,12.0,4
67,1854.0,7.0,4
202,1867.0,2.0,4
73,1855.0,3.0,4
75,1855.0,7.0,4
165,1863.0,12.0,4
163,1863.0,9.0,4
1869,2006.0,1.0,4
49,1852.0,3.0,4
230,1869.0,6.0,4
161,1863.0,7.0,4
275,1873.0,3.0,4
131,1860.0,10.0,4
208,1867.0,8.0,4
39,1850.0,5.0,4
236,1869.0,12.0,4
262,1872.0,2.0,4
243,1870.0,7.0,4
148,1862.0,3.0,4
89,1856.0,10.0,4
83,1856.0,4.0,3
174,1864.0,9.0,3
78,1855.0,10.0,3
88,1856.0,9.0,3
63,1854.0,1.0,3
61,1853.0,11.0,3
218,1868.0,6.0,3
93,1857.0,3.0,3
235,1869.0,11.0,3
26,1847.0,5.0,3
1873,2006.0,6.0,3
233,1869.0,9.0,3
155,1862.0,12.0,3
113,1859.0,3.0,3
183,1865.0,6.0,3
139,1861.0,6.0,3
195,1866.0,6.0,3
144,1861.0,11.0,3
145,1861.0,12.0,3
116,1859.0,6.0,3
196,1866.0,7.0,3
186,1865.0,9.0,3
153,1862.0,9.0,3
185,1865.0,8.0,3
187,1865.0,10.0,3
180,1865.0,3.0,3
107,1858.0,7.0,3
160,1863.0,6.0,3
103,1858.0,2.0,3
182,1865.0,5.0,3
31,1848.0,9.0,2
211,1867.0,11.0,2
136,1861.0,3.0,2
137,1861.0,4.0,2
138,1861.0,5.0,2
1,1831.0,2.0,2
1875,2006.0,8.0,2
141,1861.0,8.0,2
247,1870.0,11.0,2
19,1846.0,4.0,2
1874,2006.0,7.0,2
30,1848.0,8.0,2
1872,2006.0,4.0,2
258,1871.0,10.0,2
146,1862.0,1.0,2
181,1865.0,4.0,2
132,1860.0,11.0,2
150,1862.0,6.0,2
151,1862.0,7.0,2
90,1856.0,11.0,2
135,1861.0,2.0,2
126,1860.0,5.0,2
64,1854.0,3.0,2
99,1857.0,10.0,2
87,1856.0,8.0,2
85,1856.0,6.0,2
206,1867.0,6.0,2
81,1856.0,1.0,2
104,1858.0,3.0,2
74,1855.0,4.0,2
108,1858.0,9.0,2
46,1851.0,8.0,2
109,1858.0,10.0,2
198,1866.0,9.0,2
66,1854.0,6.0,2
215,1868.0,3.0,2
70,1854.0,10.0,2
115,1859.0,5.0,2
122,1860.0,1.0,2
228,1869.0,4.0,2
48,1852.0,2.0,2
59,1853.0,9.0,2
50,1852.0,4.0,2
123,1860.0,2.0,2
192,1866.0,3.0,2
53,1852.0,7.0,2
194,1866.0,5.0,2
119,1859.0,10.0,2
118,1859.0,9.0,2
117,1859.0,8.0,2
175,1864.0,10.0,2
1870,2006.0,2.0,1
1871,2006.0,3.0,1
1876,2006.0,9.0,1
1877,2006.0,12.0,1
1878,2007.0,3.0,1
1879,2007.0,6.0,1
1880,2007.0,8.0,1
1881,2008.0,1.0,1
1882,2008.0,7.0,1
1883,2008.0,8.0,1
0,1828.0,10.0,1
171,1864.0,6.0,1
38,1850.0,4.0,1
27,1847.0,7.0,1
28,1847.0,10.0,1
29,1848.0,3.0,1
32,1849.0,1.0,1
33,1849.0,3.0,1
34,1849.0,8.0,1
35,1849.0,11.0,1
36,1849.0,12.0,1
37,1850.0,1.0,1
40,1850.0,8.0,1
56,1853.0,1.0,1
41,1850.0,10.0,1
42,1850.0,11.0,1
43,1850.0,12.0,1
44,1851.0,1.0,1
45,1851.0,7.0,1
47,1852.0,1.0,1
51,1852.0,5.0,1
52,1852.0,6.0,1
54,1852.0,9.0,1
25,1847.0,4.0,1
24,1847.0,3.0,1
23,1846.0,11.0,1
22,1846.0,9.0,1
2,1833.0,1.0,1
3,1836.0,3.0,1
4,1837.0,12.0,1
5,1838.0,1.0,1
6,1839.0,3.0,1
7,1840.0,5.0,1
8,1840.0,9.0,1
9,1840.0,10.0,1
10,1841.0,1.0,1
11,1841.0,11.0,1
12,1842.0,1.0,1
13,1842.0,5.0,1
14,1843.0,11.0,1
15,1844.0,7.0,1
16,1844.0,8.0,1
17,1844.0,9.0,1
18,1845.0,6.0,1
20,1846.0,7.0,1
21,1846.0,8.0,1
55,1852.0,11.0,1
57,1853.0,2.0,1
167,1864.0,2.0,1
128,1860.0,7.0,1
106,1858.0,5.0,1
110,1858.0,12.0,1
112,1859.0,2.0,1
114,1859.0,4.0,1
120,1859.0,11.0,1
121,1859.0,12.0,1
124,1860.0,3.0,1
125,1860.0,4.0,1
127,1860.0,6.0,1
129,1860.0,8.0,1
58,1853.0,7.0,1
130,1860.0,9.0,1
133,1860.0,12.0,1
140,1861.0,7.0,1
142,1861.0,9.0,1
149,1862.0,5.0,1
154,1862.0,10.0,1
157,1863.0,3.0,1
158,1863.0,4.0,1
159,1863.0,5.0,1
105,1858.0,4.0,1
102,1858.0,1.0,1
101,1857.0,12.0,1
100,1857.0,11.0,1
62,1853.0,12.0,1
65,1854.0,5.0,1
68,1854.0,8.0,1
69,1854.0,9.0,1
71,1854.0,12.0,1
72,1855.0,2.0,1
76,1855.0,8.0,1
77,1855.0,9.0,1
79,1855.0,11.0,1
80,1855.0,12.0,1
84,1856.0,5.0,1
86,1856.0,7.0,1
91,1856.0,12.0,1
92,1857.0,1.0,1
94,1857.0,4.0,1
95,1857.0,5.0,1
96,1857.0,7.0,1
97,1857.0,8.0,1
98,1857.0,9.0,1
1884,2009.0,1.0,1
